Name,Address,Description,Website,Tabelog Reservation URL,Google Maps URL,Latitude,Longitude,Year,Genre,Genre Slug,Release Date
登喜和鮨 新発田本店,新潟県新発田市中央町3-7-8,食べログ 寿司 EAST 百名店 2025,https://tabelog.com/niigata/A1505/A150502/15001390/,https://yoyaku.tabelog.com/yoyaku/tabelog_booking/send_remind/,https://www.google.com/maps/search/?api=1&query=%E7%99%BB%E5%96%9C%E5%92%8C%E9%AE%A8%20%E6%96%B0%E7%99%BA%E7%94%B0%E6%9C%AC%E5%BA%97%20%E6%96%B0%E6%BD%9F%E7%9C%8C%E6%96%B0%E7%99%BA%E7%94%B0%E5%B8%82%E4%B8%AD%E5%A4%AE%E7%94%BA3-7-8,37.9491546,139.3245129,2025,寿司 EAST,sushi_east,発表日：2025年2月26日
すし兆,秋田県秋田市中通4-14-6,食べログ 寿司 EAST 百名店 2025,https://tabelog.com/akita/A0501/A050101/5006548/,https://yoyaku.tabelog.com/yoyaku/tabelog_booking/send_remind/,https://www.google.com/maps/search/?api=1&query=%E3%81%99%E3%81%97%E5%85%86%20%E7%A7%8B%E7%94%B0%E7%9C%8C%E7%A7%8B%E7%94%B0%E5%B8%82%E4%B8%AD%E9%80%9A4-14-6,39.7151548,140.1274871,2025,寿司 EAST,sushi_east,発表日：2025年2月26日
すし大作,愛知県名古屋市中区新栄3-7-7,食べログ 寿司 EAST 百名店 2025,https://tabelog.com/aichi/A2301/A230106/23063821/,https://tabelog.com/aichi/A2301/A230106/23063821/?cid=google_yoyaku,https://www.google.com/maps/search/?api=1&query=%E3%81%99%E3%81%97%E5%A4%A7%E4%BD%9C%20%E6%84%9B%E7%9F%A5%E7%9C%8C%E5%90%8D%E5%8F%A4%E5%B1%8B%E5%B8%82%E4%B8%AD%E5%8C%BA%E6%96%B0%E6%A0%843-7-7,35.1682491,136.9274376,2025,寿司 EAST,sushi_east,発表日：2025年2月26日
鮨ノ蔵,北海道札幌市中央区南2条西4 乙井ビル B1F,食べログ 寿司 EAST 百名店 2025,https://tabelog.com/hokkaido/A0101/A010103/1045430/,https://tabelog.com/hokkaido/A0101/A010103/1045430/?cid=google_yoyaku,https://www.google.com/maps/search/?api=1&query=%E9%AE%A8%E3%83%8E%E8%94%B5%20%E5%8C%97%E6%B5%B7%E9%81%93%E6%9C%AD%E5%B9%8C%E5%B8%82%E4%B8%AD%E5%A4%AE%E5%8C%BA%E5%8D%972%E6%9D%A1%E8%A5%BF4%20%E4%B9%99%E4%BA%95%E3%83%93%E3%83%AB%20B1F,43.0578331,141.3515780,2025,寿司 EAST,sushi_east,発表日：2025年2月26日
sushi一寿夢,愛知県名古屋市中区正木1-13-27,食べログ 寿司 EAST 百名店 2025,https://tabelog.com/aichi/A2301/A230105/23084921/,https://yoyaku.tabelog.com/yoyaku/tabelog_booking/send_remind/,https://www.google.com/maps/search/?api=1&query=sushi%E4%B8%80%E5%AF%BF%E5%A4%A2%20%E6%84%9B%E7%9F%A5%E7%9C%8C%E5%90%8D%E5%8F%A4%E5%B1%8B%E5%B8%82%E4%B8%AD%E5%8C%BA%E6%AD%A3%E6%9C%A81-13-27,35.1509225,136.8960363,2025,寿司 EAST,sushi_east,発表日：2025年2月26日
鮨 土方,愛知県名古屋市中区錦3-12-30 第二ワシントンANexビル 1F,食べログ 寿司 EAST 百名店 2025,https://tabelog.com/aichi/A2301/A230103/23050373/,https://yoyaku.tabelog.com/yoyaku/tabelog_booking/send_remind/,https://www.google.com/maps/search/?api=1&query=%E9%AE%A8%20%E5%9C%9F%E6%96%B9%20%E6%84%9B%E7%9F%A5%E7%9C%8C%E5%90%8D%E5%8F%A4%E5%B1%8B%E5%B8%82%E4%B8%AD%E5%8C%BA%E9%8C%A63-12-30%20%E7%AC%AC%E4%BA%8C%E3%83%AF%E3%82%B7%E3%83%B3%E3%83%88%E3%83%B3ANex%E3%83%93%E3%83%AB%201F,35.1709201,136.9034078,2025,寿司 EAST,sushi_east,発表日：2025年2月26日
鮨 紺乃,岐阜県関市南出12-1,食べログ 寿司 EAST 百名店 2025,https://tabelog.com/gifu/A2102/A210204/21016651/,https://yoyaku.tabelog.com/yoyaku/tabelog_booking/send_remind/,https://www.google.com/maps/search/?api=1&query=%E9%AE%A8%20%E7%B4%BA%E4%B9%83%20%E5%B2%90%E9%98%9C%E7%9C%8C%E9%96%A2%E5%B8%82%E5%8D%97%E5%87%BA12-1,35.4817062,136.9320838,2025,寿司 EAST,sushi_east,発表日：2025年2月26日
鮨駒,秋田県由利本荘市桶屋町120,食べログ 寿司 EAST 百名店 2025,https://tabelog.com/akita/A0506/A050601/5006041/,https://yoyaku.tabelog.com/yoyaku/tabelog_booking/send_remind/,https://www.google.com/maps/search/?api=1&query=%E9%AE%A8%E9%A7%92%20%E7%A7%8B%E7%94%B0%E7%9C%8C%E7%94%B1%E5%88%A9%E6%9C%AC%E8%8D%98%E5%B8%82%E6%A1%B6%E5%B1%8B%E7%94%BA120,39.3927228,140.0475617,2025,寿司 EAST,sushi_east,発表日：2025年2月26日
亀喜寿司,宮城県塩竈市新富町6-12,食べログ 寿司 EAST 百名店 2025,https://tabelog.com/miyagi/A0404/A040404/4000004/,https://yoyaku.tabelog.com/yoyaku/tabelog_booking/send_remind/,https://www.google.com/maps/search/?api=1&query=%E4%BA%80%E5%96%9C%E5%AF%BF%E5%8F%B8%20%E5%AE%AE%E5%9F%8E%E7%9C%8C%E5%A1%A9%E7%AB%88%E5%B8%82%E6%96%B0%E5%AF%8C%E7%94%BA6-12,38.3146654,141.0264689,2025,寿司 EAST,sushi_east,発表日：2025年2月26日
すし哲 本店,宮城県塩竈市海岸通2-22,食べログ 寿司 EAST 百名店 2025,https://tabelog.com/miyagi/A0404/A040404/4000002/,https://yoyaku.tabelog.com/yoyaku/tabelog_booking/send_remind/,https://www.google.com/maps/search/?api=1&query=%E3%81%99%E3%81%97%E5%93%B2%20%E6%9C%AC%E5%BA%97%20%E5%AE%AE%E5%9F%8E%E7%9C%8C%E5%A1%A9%E7%AB%88%E5%B8%82%E6%B5%B7%E5%B2%B8%E9%80%9A2-22,38.3173028,141.0212690,2025,寿司 EAST,sushi_east,発表日：2025年2月26日
浜源,愛知県名古屋市昭和区南分町1-28,食べログ 寿司 EAST 百名店 2025,https://tabelog.com/aichi/A2301/A230108/23000634/,https://yoyaku.tabelog.com/yoyaku/tabelog_booking/send_remind/,https://www.google.com/maps/search/?api=1&query=%E6%B5%9C%E6%BA%90%20%E6%84%9B%E7%9F%A5%E7%9C%8C%E5%90%8D%E5%8F%A4%E5%B1%8B%E5%B8%82%E6%98%AD%E5%92%8C%E5%8C%BA%E5%8D%97%E5%88%86%E7%94%BA1-28,35.1461471,136.9384601,2025,寿司 EAST,sushi_east,発表日：2025年2月26日
にぎり鮨 一五〇,愛知県高浜市碧海町2-3-9,食べログ 寿司 EAST 百名店 2025,https://tabelog.com/aichi/A2305/A230503/23072516/,https://yoyaku.tabelog.com/yoyaku/tabelog_booking/send_remind/,https://www.google.com/maps/search/?api=1&query=%E3%81%AB%E3%81%8E%E3%82%8A%E9%AE%A8%20%E4%B8%80%E4%BA%94%E3%80%87%20%E6%84%9B%E7%9F%A5%E7%9C%8C%E9%AB%98%E6%B5%9C%E5%B8%82%E7%A2%A7%E6%B5%B7%E7%94%BA2-3-9,34.9212710,136.9846549,2025,寿司 EAST,sushi_east,発表日：2025年2月26日
すし昇,愛知県名古屋市中区丸の内2-19-19 丸の内ヒルズ 3F,食べログ 寿司 EAST 百名店 2025,https://tabelog.com/aichi/A2301/A230102/23073726/,https://yoyaku.tabelog.com/yoyaku/tabelog_booking/send_remind/,https://www.google.com/maps/search/?api=1&query=%E3%81%99%E3%81%97%E6%98%87%20%E6%84%9B%E7%9F%A5%E7%9C%8C%E5%90%8D%E5%8F%A4%E5%B1%8B%E5%B8%82%E4%B8%AD%E5%8C%BA%E4%B8%B8%E3%81%AE%E5%86%852-19-19%20%E4%B8%B8%E3%81%AE%E5%86%85%E3%83%92%E3%83%AB%E3%82%BA%203F,35.1736056,136.9003495,2025,寿司 EAST,sushi_east,発表日：2025年2月26日
鮨 小じま,秋田県秋田市山王1-8-13,食べログ 寿司 EAST 百名店 2025,https://tabelog.com/akita/A0501/A050101/5010619/,https://yoyaku.tabelog.com/yoyaku/tabelog_booking/send_remind/,https://www.google.com/maps/search/?api=1&query=%E9%AE%A8%20%E5%B0%8F%E3%81%98%E3%81%BE%20%E7%A7%8B%E7%94%B0%E7%9C%8C%E7%A7%8B%E7%94%B0%E5%B8%82%E5%B1%B1%E7%8E%8B1-8-13,39.7224163,140.1025789,2025,寿司 EAST,sushi_east,発表日：2025年2月26日
すし 波良,神奈川県逗子市逗子7-1-51 BIG7 1F,食べログ 寿司 EAST 百名店 2025,https://tabelog.com/kanagawa/A1406/A140602/14076751/,https://yoyaku.tabelog.com/yoyaku/tabelog_booking/send_remind/,https://www.google.com/maps/search/?api=1&query=%E3%81%99%E3%81%97%20%E6%B3%A2%E8%89%AF%20%E7%A5%9E%E5%A5%88%E5%B7%9D%E7%9C%8C%E9%80%97%E5%AD%90%E5%B8%82%E9%80%97%E5%AD%907-1-51%20BIG7%201F,35.2948800,139.5764261,2025,寿司 EAST,sushi_east,発表日：2025年2月26日
塩竈 すし哲 S-PAL仙台店,宮城県仙台市青葉区中央1-1-1 エスパル仙台店 B1F,食べログ 寿司 EAST 百名店 2025,https://tabelog.com/miyagi/A0401/A040101/4000160/,https://yoyaku.tabelog.com/yoyaku/tabelog_booking/send_remind/,https://www.google.com/maps/search/?api=1&query=%E5%A1%A9%E7%AB%88%20%E3%81%99%E3%81%97%E5%93%B2%20S-PAL%E4%BB%99%E5%8F%B0%E5%BA%97%20%E5%AE%AE%E5%9F%8E%E7%9C%8C%E4%BB%99%E5%8F%B0%E5%B8%82%E9%9D%92%E8%91%89%E5%8C%BA%E4%B8%AD%E5%A4%AE1-1-1%20%E3%82%A8%E3%82%B9%E3%83%91%E3%83%AB%E4%BB%99%E5%8F%B0%E5%BA%97%20B1F,38.2598108,140.8820956,2025,寿司 EAST,sushi_east,発表日：2025年2月26日
鮨 江なみ,宮城県仙台市青葉区国分町1丁目3-21 エビスヤパークサイド　1Ｆ,食べログ 寿司 EAST 百名店 2025,https://tabelog.com/miyagi/A0401/A040101/4002402/,https://yoyaku.tabelog.com/yoyaku/tabelog_booking/send_remind/,https://www.google.com/maps/search/?api=1&query=%E9%AE%A8%20%E6%B1%9F%E3%81%AA%E3%81%BF%20%E5%AE%AE%E5%9F%8E%E7%9C%8C%E4%BB%99%E5%8F%B0%E5%B8%82%E9%9D%92%E8%91%89%E5%8C%BA%E5%9B%BD%E5%88%86%E7%94%BA1%E4%B8%81%E7%9B%AE3-21%20%E3%82%A8%E3%83%93%E3%82%B9%E3%83%A4%E3%83%91%E3%83%BC%E3%82%AF%E3%82%B5%E3%82%A4%E3%83%89%E3%80%801%EF%BC%A6,38.2609001,140.8692292,2025,寿司 EAST,sushi_east,発表日：2025年2月26日
鮨 おくの,北海道滝川市栄町3-4-5,食べログ 寿司 EAST 百名店 2025,https://tabelog.com/hokkaido/A0107/A010705/1051002/,https://yoyaku.tabelog.com/yoyaku/tabelog_booking/send_remind/,https://www.google.com/maps/search/?api=1&query=%E9%AE%A8%20%E3%81%8A%E3%81%8F%E3%81%AE%20%E5%8C%97%E6%B5%B7%E9%81%93%E6%BB%9D%E5%B7%9D%E5%B8%82%E6%A0%84%E7%94%BA3-4-5,43.5570160,141.9057933,2025,寿司 EAST,sushi_east,発表日：2025年2月26日
いしまる,埼玉県さいたま市大宮区桜木町2-305,食べログ 寿司 EAST 百名店 2025,https://tabelog.com/saitama/A1101/A110101/11054495/,https://yoyaku.tabelog.com/yoyaku/tabelog_booking/send_remind/,https://www.google.com/maps/search/?api=1&query=%E3%81%84%E3%81%97%E3%81%BE%E3%82%8B%20%E5%9F%BC%E7%8E%89%E7%9C%8C%E3%81%95%E3%81%84%E3%81%9F%E3%81%BE%E5%B8%82%E5%A4%A7%E5%AE%AE%E5%8C%BA%E6%A1%9C%E6%9C%A8%E7%94%BA2-305,35.9069690,139.6181178,2025,寿司 EAST,sushi_east,発表日：2025年2月26日
鮨 権左衛門,愛知県名古屋市中区栄1-4-16 C Forest X 2F,食べログ 寿司 EAST 百名店 2025,https://tabelog.com/aichi/A2301/A230102/23077695/,https://tabelog.com/aichi/A2301/A230102/23077695/?cid=google_yoyaku,https://www.google.com/maps/search/?api=1&query=%E9%AE%A8%20%E6%A8%A9%E5%B7%A6%E8%A1%9B%E9%96%80%20%E6%84%9B%E7%9F%A5%E7%9C%8C%E5%90%8D%E5%8F%A4%E5%B1%8B%E5%B8%82%E4%B8%AD%E5%8C%BA%E6%A0%841-4-16%20C%20Forest%20X%202F,35.1678450,136.8962743,2025,寿司 EAST,sushi_east,発表日：2025年2月26日
中野屋,長野県諏訪郡原村払沢6651,食べログ 寿司 EAST 百名店 2025,https://tabelog.com/nagano/A2004/A200403/20004460/,https://yoyaku.tabelog.com/yoyaku/tabelog_booking/send_remind/,https://www.google.com/maps/search/?api=1&query=%E4%B8%AD%E9%87%8E%E5%B1%8B%20%E9%95%B7%E9%87%8E%E7%9C%8C%E8%AB%8F%E8%A8%AA%E9%83%A1%E5%8E%9F%E6%9D%91%E6%89%95%E6%B2%A26651,35.9635251,138.2159510,2025,寿司 EAST,sushi_east,発表日：2025年2月26日
仙令鮨 JR仙台駅 3階店,宮城県仙台市青葉区中央1-1-1 JR仙台駅 3F,食べログ 寿司 EAST 百名店 2025,https://tabelog.com/miyagi/A0401/A040101/4000282/,https://yoyaku.tabelog.com/yoyaku/tabelog_booking/send_remind/,https://www.google.com/maps/search/?api=1&query=%E4%BB%99%E4%BB%A4%E9%AE%A8%20JR%E4%BB%99%E5%8F%B0%E9%A7%85%203%E9%9A%8E%E5%BA%97%20%E5%AE%AE%E5%9F%8E%E7%9C%8C%E4%BB%99%E5%8F%B0%E5%B8%82%E9%9D%92%E8%91%89%E5%8C%BA%E4%B8%AD%E5%A4%AE1-1-1%20JR%E4%BB%99%E5%8F%B0%E9%A7%85%203F,38.2611042,140.8819818,2025,寿司 EAST,sushi_east,発表日：2025年2月26日
伊勢鮨,北海道小樽市稲穂3-15-3,食べログ 寿司 EAST 百名店 2025,https://tabelog.com/hokkaido/A0106/A010601/1000008/,https://yoyaku.tabelog.com/yoyaku/tabelog_booking/send_remind/,https://www.google.com/maps/search/?api=1&query=%E4%BC%8A%E5%8B%A2%E9%AE%A8%20%E5%8C%97%E6%B5%B7%E9%81%93%E5%B0%8F%E6%A8%BD%E5%B8%82%E7%A8%B2%E7%A9%823-15-3,43.2006405,140.9954090,2025,寿司 EAST,sushi_east,発表日：2025年2月26日
東雲,北海道札幌市中央区南1条西22-2-15 シーズンビル 2F,食べログ 寿司 EAST 百名店 2025,https://tabelog.com/hokkaido/A0101/A010105/1053675/,https://tabelog.com/hokkaido/A0101/A010105/1053675/?cid=google_yoyaku,https://www.google.com/maps/search/?api=1&query=%E6%9D%B1%E9%9B%B2%20%E5%8C%97%E6%B5%B7%E9%81%93%E6%9C%AD%E5%B9%8C%E5%B8%82%E4%B8%AD%E5%A4%AE%E5%8C%BA%E5%8D%971%E6%9D%A1%E8%A5%BF22-2-15%20%E3%82%B7%E3%83%BC%E3%82%BA%E3%83%B3%E3%83%93%E3%83%AB%202F,43.0556325,141.3234896,2025,寿司 EAST,sushi_east,発表日：2025年2月26日
まる鮨,北海道札幌市中央区南六条西4-4,食べログ 寿司 EAST 百名店 2025,https://tabelog.com/hokkaido/A0101/A010103/1000041/,https://yoyaku.tabelog.com/yoyaku/tabelog_booking/send_remind/,https://www.google.com/maps/search/?api=1&query=%E3%81%BE%E3%82%8B%E9%AE%A8%20%E5%8C%97%E6%B5%B7%E9%81%93%E6%9C%AD%E5%B9%8C%E5%B8%82%E4%B8%AD%E5%A4%AE%E5%8C%BA%E5%8D%97%E5%85%AD%E6%9D%A1%E8%A5%BF4-4,43.0528720,141.3525437,2025,寿司 EAST,sushi_east,発表日：2025年2月26日
宝寿司分店,秋田県秋田市寺内蛭根3丁目5-7,食べログ 寿司 EAST 百名店 2025,https://tabelog.com/akita/A0501/A050101/5004621/,https://yoyaku.tabelog.com/yoyaku/tabelog_booking/send_remind/,https://www.google.com/maps/search/?api=1&query=%E5%AE%9D%E5%AF%BF%E5%8F%B8%E5%88%86%E5%BA%97%20%E7%A7%8B%E7%94%B0%E7%9C%8C%E7%A7%8B%E7%94%B0%E5%B8%82%E5%AF%BA%E5%86%85%E8%9B%AD%E6%A0%B93%E4%B8%81%E7%9B%AE5-7,39.7312412,140.0835561,2025,寿司 EAST,sushi_east,発表日：2025年2月26日
寿司割烹 魚紋,福島県郡山市駅前1-5-6,食べログ 寿司 EAST 百名店 2025,https://tabelog.com/fukushima/A0702/A070201/7000382/,https://yoyaku.tabelog.com/yoyaku/tabelog_booking/send_remind/,https://www.google.com/maps/search/?api=1&query=%E5%AF%BF%E5%8F%B8%E5%89%B2%E7%83%B9%20%E9%AD%9A%E7%B4%8B%20%E7%A6%8F%E5%B3%B6%E7%9C%8C%E9%83%A1%E5%B1%B1%E5%B8%82%E9%A7%85%E5%89%8D1-5-6,37.3978338,140.3859886,2025,寿司 EAST,sushi_east,発表日：2025年2月26日
末廣鮨,静岡県静岡市清水区江尻東2-5-28,食べログ 寿司 EAST 百名店 2025,https://tabelog.com/shizuoka/A2201/A220102/22000057/,https://yoyaku.tabelog.com/yoyaku/tabelog_booking/send_remind/,https://www.google.com/maps/search/?api=1&query=%E6%9C%AB%E5%BB%A3%E9%AE%A8%20%E9%9D%99%E5%B2%A1%E7%9C%8C%E9%9D%99%E5%B2%A1%E5%B8%82%E6%B8%85%E6%B0%B4%E5%8C%BA%E6%B1%9F%E5%B0%BB%E6%9D%B12-5-28,35.0221486,138.4846462,2025,寿司 EAST,sushi_east,発表日：2025年2月26日
北の華 はやし,北海道千歳市幸町1-1,食べログ 寿司 EAST 百名店 2025,https://tabelog.com/hokkaido/A0107/A010701/1049376/,https://yoyaku.tabelog.com/yoyaku/tabelog_booking/send_remind/,https://www.google.com/maps/search/?api=1&query=%E5%8C%97%E3%81%AE%E8%8F%AF%20%E3%81%AF%E3%82%84%E3%81%97%20%E5%8C%97%E6%B5%B7%E9%81%93%E5%8D%83%E6%AD%B3%E5%B8%82%E5%B9%B8%E7%94%BA1-1,42.8219335,141.6457022,2025,寿司 EAST,sushi_east,発表日：2025年2月26日
鮨 功,愛知県名古屋市東区泉2-28-24 東和高岳ビル B1F,食べログ 寿司 EAST 百名店 2025,https://tabelog.com/aichi/A2301/A230104/23083909/,https://tabelog.com/aichi/A2301/A230104/23083909/?cid=google_yoyaku,https://www.google.com/maps/search/?api=1&query=%E9%AE%A8%20%E5%8A%9F%20%E6%84%9B%E7%9F%A5%E7%9C%8C%E5%90%8D%E5%8F%A4%E5%B1%8B%E5%B8%82%E6%9D%B1%E5%8C%BA%E6%B3%892-28-24%20%E6%9D%B1%E5%92%8C%E9%AB%98%E5%B2%B3%E3%83%93%E3%83%AB%20B1F,35.1744886,136.9153017,2025,寿司 EAST,sushi_east,発表日：2025年2月26日
三笠鮨,埼玉県北葛飾郡松伏町松伏4699-1,食べログ 寿司 EAST 百名店 2025,https://tabelog.com/saitama/A1102/A110203/11011507/,https://tabelog.com/saitama/A1102/A110203/11011507/?cid=google_yoyaku,https://www.google.com/maps/search/?api=1&query=%E4%B8%89%E7%AC%A0%E9%AE%A8%20%E5%9F%BC%E7%8E%89%E7%9C%8C%E5%8C%97%E8%91%9B%E9%A3%BE%E9%83%A1%E6%9D%BE%E4%BC%8F%E7%94%BA%E6%9D%BE%E4%BC%8F4699-1,35.9338860,139.8189023,2025,寿司 EAST,sushi_east,発表日：2025年2月26日
姫沙羅,北海道札幌市中央区南8条西20-1-2,食べログ 寿司 EAST 百名店 2025,https://tabelog.com/hokkaido/A0101/A010105/1057657/,https://yoyaku.tabelog.com/yoyaku/tabelog_booking/send_remind/,https://www.google.com/maps/search/?api=1&query=%E5%A7%AB%E6%B2%99%E7%BE%85%20%E5%8C%97%E6%B5%B7%E9%81%93%E6%9C%AD%E5%B9%8C%E5%B8%82%E4%B8%AD%E5%A4%AE%E5%8C%BA%E5%8D%978%E6%9D%A1%E8%A5%BF20-1-2,43.0484869,141.3283786,2025,寿司 EAST,sushi_east,発表日：2025年2月26日
田久鮓,北海道札幌市中央区南三条西3-3 G DINING SAPPORO 6F,食べログ 寿司 EAST 百名店 2025,https://tabelog.com/hokkaido/A0101/A010102/1030580/,https://tabelog.com/hokkaido/A0101/A010102/1030580/?cid=google_yoyaku,https://www.google.com/maps/search/?api=1&query=%E7%94%B0%E4%B9%85%E9%AE%93%20%E5%8C%97%E6%B5%B7%E9%81%93%E6%9C%AD%E5%B9%8C%E5%B8%82%E4%B8%AD%E5%A4%AE%E5%8C%BA%E5%8D%97%E4%B8%89%E6%9D%A1%E8%A5%BF3-3%20G%20DINING%20SAPPORO%206F,43.0567541,141.3543144,2025,寿司 EAST,sushi_east,発表日：2025年2月26日
SUSHI てさく,愛知県名古屋市千種区内山3-22-9,食べログ 寿司 EAST 百名店 2025,https://tabelog.com/aichi/A2301/A230106/23046629/,https://yoyaku.tabelog.com/yoyaku/tabelog_booking/send_remind/,https://www.google.com/maps/search/?api=1&query=SUSHI%20%E3%81%A6%E3%81%95%E3%81%8F%20%E6%84%9B%E7%9F%A5%E7%9C%8C%E5%90%8D%E5%8F%A4%E5%B1%8B%E5%B8%82%E5%8D%83%E7%A8%AE%E5%8C%BA%E5%86%85%E5%B1%B13-22-9,35.1711105,136.9324100,2025,寿司 EAST,sushi_east,発表日：2025年2月26日
鮨 いし黒,愛知県名古屋市中村区名駅2-40-11,食べログ 寿司 EAST 百名店 2025,https://tabelog.com/aichi/A2301/A230101/23046955/,https://tabelog.com/aichi/A2301/A230101/23046955/?cid=google_yoyaku,https://www.google.com/maps/search/?api=1&query=%E9%AE%A8%20%E3%81%84%E3%81%97%E9%BB%92%20%E6%84%9B%E7%9F%A5%E7%9C%8C%E5%90%8D%E5%8F%A4%E5%B1%8B%E5%B8%82%E4%B8%AD%E6%9D%91%E5%8C%BA%E5%90%8D%E9%A7%852-40-11,35.1747911,136.8840551,2025,寿司 EAST,sushi_east,発表日：2025年2月26日
鮨 草平,北海道札幌市中央区南2条西28-1-10 エビスビル 1F,食べログ 寿司 EAST 百名店 2025,https://tabelog.com/hokkaido/A0101/A010105/1071934/,https://yoyaku.tabelog.com/yoyaku/tabelog_booking/send_remind/,https://www.google.com/maps/search/?api=1&query=%E9%AE%A8%20%E8%8D%89%E5%B9%B3%20%E5%8C%97%E6%B5%B7%E9%81%93%E6%9C%AD%E5%B9%8C%E5%B8%82%E4%B8%AD%E5%A4%AE%E5%8C%BA%E5%8D%972%E6%9D%A1%E8%A5%BF28-1-10%20%E3%82%A8%E3%83%93%E3%82%B9%E3%83%93%E3%83%AB%201F,43.0533274,141.3160865,2025,寿司 EAST,sushi_east,発表日：2025年2月26日
兄弟寿し,新潟県新潟市中央区東堀通8-1427-2,食べログ 寿司 EAST 百名店 2025,https://tabelog.com/niigata/A1501/A150101/15023066/,https://yoyaku.tabelog.com/yoyaku/tabelog_booking/send_remind/,https://www.google.com/maps/search/?api=1&query=%E5%85%84%E5%BC%9F%E5%AF%BF%E3%81%97%20%E6%96%B0%E6%BD%9F%E7%9C%8C%E6%96%B0%E6%BD%9F%E5%B8%82%E4%B8%AD%E5%A4%AE%E5%8C%BA%E6%9D%B1%E5%A0%80%E9%80%9A8-1427-2,37.9237132,139.0458725,2025,寿司 EAST,sushi_east,発表日：2025年2月26日
鮨 いとう,福島県いわき市平字南町73,食べログ 寿司 EAST 百名店 2025,https://tabelog.com/fukushima/A0704/A070401/7000924/,https://tabelog.com/fukushima/A0704/A070401/7000924/?cid=google_yoyaku,https://www.google.com/maps/search/?api=1&query=%E9%AE%A8%20%E3%81%84%E3%81%A8%E3%81%86%20%E7%A6%8F%E5%B3%B6%E7%9C%8C%E3%81%84%E3%82%8F%E3%81%8D%E5%B8%82%E5%B9%B3%E5%AD%97%E5%8D%97%E7%94%BA73,37.0547983,140.8905320,2025,寿司 EAST,sushi_east,発表日：2025年2月26日
鮨 うえはら,青森県弘前市土手町31 土手町コミュニティーパーク ごちそうプラザ,食べログ 寿司 EAST 百名店 2025,https://tabelog.com/aomori/A0202/A020201/2007680/,https://yoyaku.tabelog.com/yoyaku/tabelog_booking/send_remind/,https://www.google.com/maps/search/?api=1&query=%E9%AE%A8%20%E3%81%86%E3%81%88%E3%81%AF%E3%82%89%20%E9%9D%92%E6%A3%AE%E7%9C%8C%E5%BC%98%E5%89%8D%E5%B8%82%E5%9C%9F%E6%89%8B%E7%94%BA31%20%E5%9C%9F%E6%89%8B%E7%94%BA%E3%82%B3%E3%83%9F%E3%83%A5%E3%83%8B%E3%83%86%E3%82%A3%E3%83%BC%E3%83%91%E3%83%BC%E3%82%AF%20%E3%81%94%E3%81%A1%E3%81%9D%E3%81%86%E3%83%97%E3%83%A9%E3%82%B6,40.6021663,140.4715381,2025,寿司 EAST,sushi_east,発表日：2025年2月26日
鮨処いちい,北海道札幌市中央区南四条西4 第5グリーンビル 1F,食べログ 寿司 EAST 百名店 2025,https://tabelog.com/hokkaido/A0101/A010103/1002533/,https://tabelog.com/hokkaido/A0101/A010102/1002533/?cid=google_yoyaku,https://www.google.com/maps/search/?api=1&query=%E9%AE%A8%E5%87%A6%E3%81%84%E3%81%A1%E3%81%84%20%E5%8C%97%E6%B5%B7%E9%81%93%E6%9C%AD%E5%B9%8C%E5%B8%82%E4%B8%AD%E5%A4%AE%E5%8C%BA%E5%8D%97%E5%9B%9B%E6%9D%A1%E8%A5%BF4%20%E7%AC%AC5%E3%82%B0%E3%83%AA%E3%83%BC%E3%83%B3%E3%83%93%E3%83%AB%201F,43.0558228,141.3519841,2025,寿司 EAST,sushi_east,発表日：2025年2月26日
鮨德,宮城県仙台市青葉区春日町5-16 シエロ春日町 2F,食べログ 寿司 EAST 百名店 2025,https://tabelog.com/miyagi/A0401/A040101/4025745/,https://yoyaku.tabelog.com/yoyaku/tabelog_booking/send_remind/,https://www.google.com/maps/search/?api=1&query=%E9%AE%A8%E5%BE%B7%20%E5%AE%AE%E5%9F%8E%E7%9C%8C%E4%BB%99%E5%8F%B0%E5%B8%82%E9%9D%92%E8%91%89%E5%8C%BA%E6%98%A5%E6%97%A5%E7%94%BA5-16%20%E3%82%B7%E3%82%A8%E3%83%AD%E6%98%A5%E6%97%A5%E7%94%BA%202F,38.2660421,140.8645647,2025,寿司 EAST,sushi_east,発表日：2025年2月26日
すし処 睦月,愛知県知多郡武豊町池田2-137-4,食べログ 寿司 EAST 百名店 2025,https://tabelog.com/aichi/A2304/A230402/23013911/,https://yoyaku.tabelog.com/yoyaku/tabelog_booking/send_remind/,https://www.google.com/maps/search/?api=1&query=%E3%81%99%E3%81%97%E5%87%A6%20%E7%9D%A6%E6%9C%88%20%E6%84%9B%E7%9F%A5%E7%9C%8C%E7%9F%A5%E5%A4%9A%E9%83%A1%E6%AD%A6%E8%B1%8A%E7%94%BA%E6%B1%A0%E7%94%B02-137-4,34.8593417,136.9152943,2025,寿司 EAST,sushi_east,発表日：2025年2月26日
寿し道 桜田,愛知県名古屋市中区丸の内3-22-8 HP SQUARE MARUNOUCHI 1F,食べログ 寿司 EAST 百名店 2025,https://tabelog.com/aichi/A2301/A230103/23089705/,https://yoyaku.tabelog.com/yoyaku/tabelog_booking/send_remind/,https://www.google.com/maps/search/?api=1&query=%E5%AF%BF%E3%81%97%E9%81%93%20%E6%A1%9C%E7%94%B0%20%E6%84%9B%E7%9F%A5%E7%9C%8C%E5%90%8D%E5%8F%A4%E5%B1%8B%E5%B8%82%E4%B8%AD%E5%8C%BA%E4%B8%B8%E3%81%AE%E5%86%853-22-8%20HP%20SQUARE%20MARUNOUCHI%201F,35.1743777,136.9036472,2025,寿司 EAST,sushi_east,発表日：2025年2月26日
鮨 しょう太,北海道札幌市中央区北1条西3-3-14 敷島プラザビル別館 B1F,食べログ 寿司 EAST 百名店 2025,https://tabelog.com/hokkaido/A0101/A010102/1073448/,https://yoyaku.tabelog.com/yoyaku/tabelog_booking/send_remind/,https://www.google.com/maps/search/?api=1&query=%E9%AE%A8%20%E3%81%97%E3%82%87%E3%81%86%E5%A4%AA%20%E5%8C%97%E6%B5%B7%E9%81%93%E6%9C%AD%E5%B9%8C%E5%B8%82%E4%B8%AD%E5%A4%AE%E5%8C%BA%E5%8C%971%E6%9D%A1%E8%A5%BF3-3-14%20%E6%95%B7%E5%B3%B6%E3%83%97%E3%83%A9%E3%82%B6%E3%83%93%E3%83%AB%E5%88%A5%E9%A4%A8%20B1F,43.0625744,141.3521812,2025,寿司 EAST,sushi_east,発表日：2025年2月26日
鮨　恵三,群馬県館林市緑町1-12-10,食べログ 寿司 EAST 百名店 2025,https://tabelog.com/gunma/A1002/A100204/10005841/,https://yoyaku.tabelog.com/yoyaku/tabelog_booking/send_remind/,https://www.google.com/maps/search/?api=1&query=%E9%AE%A8%E3%80%80%E6%81%B5%E4%B8%89%20%E7%BE%A4%E9%A6%AC%E7%9C%8C%E9%A4%A8%E6%9E%97%E5%B8%82%E7%B7%91%E7%94%BA1-12-10,36.2393887,139.5338458,2025,寿司 EAST,sushi_east,発表日：2025年2月26日
すゝき野 鮨金,北海道札幌市中央区南四条西4-4-7 松岡ビル 1F,食べログ 寿司 EAST 百名店 2025,https://tabelog.com/hokkaido/A0101/A010103/1002644/,https://yoyaku.tabelog.com/yoyaku/tabelog_booking/send_remind/,https://www.google.com/maps/search/?api=1&query=%E3%81%99%E3%82%9D%E3%81%8D%E9%87%8E%20%E9%AE%A8%E9%87%91%20%E5%8C%97%E6%B5%B7%E9%81%93%E6%9C%AD%E5%B9%8C%E5%B8%82%E4%B8%AD%E5%A4%AE%E5%8C%BA%E5%8D%97%E5%9B%9B%E6%9D%A1%E8%A5%BF4-4-7%20%E6%9D%BE%E5%B2%A1%E3%83%93%E3%83%AB%201F,43.0559763,141.3525847,2025,寿司 EAST,sushi_east,発表日：2025年2月26日
鮨 奈可久 星野,新潟県新潟市中央区西堀通5番町833-11,食べログ 寿司 EAST 百名店 2025,https://tabelog.com/niigata/A1501/A150101/15001410/,https://tabelog.com/niigata/A1501/A150101/15001410/?cid=google_yoyaku,https://www.google.com/maps/search/?api=1&query=%E9%AE%A8%20%E5%A5%88%E5%8F%AF%E4%B9%85%20%E6%98%9F%E9%87%8E%20%E6%96%B0%E6%BD%9F%E7%9C%8C%E6%96%B0%E6%BD%9F%E5%B8%82%E4%B8%AD%E5%A4%AE%E5%8C%BA%E8%A5%BF%E5%A0%80%E9%80%9A5%E7%95%AA%E7%94%BA833-11,37.9210260,139.0427230,2025,寿司 EAST,sushi_east,発表日：2025年2月26日
鮨 しみず,愛知県名古屋市西区名西2-10-10-1,食べログ 寿司 EAST 百名店 2025,https://tabelog.com/aichi/A2301/A230109/23081320/,https://tabelog.com/aichi/A2301/A230109/23081320/?cid=google_yoyaku,https://www.google.com/maps/search/?api=1&query=%E9%AE%A8%20%E3%81%97%E3%81%BF%E3%81%9A%20%E6%84%9B%E7%9F%A5%E7%9C%8C%E5%90%8D%E5%8F%A4%E5%B1%8B%E5%B8%82%E8%A5%BF%E5%8C%BA%E5%90%8D%E8%A5%BF2-10-10-1,35.1892555,136.8825614,2025,寿司 EAST,sushi_east,発表日：2025年2月26日
寿司栄,千葉県千葉市中央区春日2-9-15 クレールマロニエ 101,食べログ 寿司 EAST 百名店 2025,https://tabelog.com/chiba/A1201/A120101/12052833/,https://yoyaku.tabelog.com/yoyaku/tabelog_booking/send_remind/,https://www.google.com/maps/search/?api=1&query=%E5%AF%BF%E5%8F%B8%E6%A0%84%20%E5%8D%83%E8%91%89%E7%9C%8C%E5%8D%83%E8%91%89%E5%B8%82%E4%B8%AD%E5%A4%AE%E5%8C%BA%E6%98%A5%E6%97%A52-9-15%20%E3%82%AF%E3%83%AC%E3%83%BC%E3%83%AB%E3%83%9E%E3%83%AD%E3%83%8B%E3%82%A8%20101,35.6213303,140.1014844,2025,寿司 EAST,sushi_east,発表日：2025年2月26日
なか條,神奈川県横浜市中区住吉町3-29 関内住吉ビル　1F,食べログ 寿司 EAST 百名店 2025,https://tabelog.com/kanagawa/A1401/A140104/14065294/,https://yoyaku.tabelog.com/yoyaku/tabelog_booking/send_remind/,https://www.google.com/maps/search/?api=1&query=%E3%81%AA%E3%81%8B%E6%A2%9D%20%E7%A5%9E%E5%A5%88%E5%B7%9D%E7%9C%8C%E6%A8%AA%E6%B5%9C%E5%B8%82%E4%B8%AD%E5%8C%BA%E4%BD%8F%E5%90%89%E7%94%BA3-29%20%E9%96%A2%E5%86%85%E4%BD%8F%E5%90%89%E3%83%93%E3%83%AB%E3%80%801F,35.4465964,139.6375829,2025,寿司 EAST,sushi_east,発表日：2025年2月26日
吉凰,愛知県名古屋市中区錦3-17-27 ソシアルビル M1F,食べログ 寿司 EAST 百名店 2025,https://tabelog.com/aichi/A2301/A230103/23069704/,https://yoyaku.tabelog.com/yoyaku/tabelog_booking/send_remind/,https://www.google.com/maps/search/?api=1&query=%E5%90%89%E5%87%B0%20%E6%84%9B%E7%9F%A5%E7%9C%8C%E5%90%8D%E5%8F%A4%E5%B1%8B%E5%B8%82%E4%B8%AD%E5%8C%BA%E9%8C%A63-17-27%20%E3%82%BD%E3%82%B7%E3%82%A2%E3%83%AB%E3%83%93%E3%83%AB%20M1F,35.1703454,136.9058411,2025,寿司 EAST,sushi_east,発表日：2025年2月26日
山の井,愛知県名古屋市千種区池下1-2-19 山八第1ビル 1F,食べログ 寿司 EAST 百名店 2025,https://tabelog.com/aichi/A2301/A230106/23072098/,https://yoyaku.tabelog.com/yoyaku/tabelog_booking/send_remind/,https://www.google.com/maps/search/?api=1&query=%E5%B1%B1%E3%81%AE%E4%BA%95%20%E6%84%9B%E7%9F%A5%E7%9C%8C%E5%90%8D%E5%8F%A4%E5%B1%8B%E5%B8%82%E5%8D%83%E7%A8%AE%E5%8C%BA%E6%B1%A0%E4%B8%8B1-2-19%20%E5%B1%B1%E5%85%AB%E7%AC%AC1%E3%83%93%E3%83%AB%201F,35.1690025,136.9440486,2025,寿司 EAST,sushi_east,発表日：2025年2月26日
鮨 結委,宮城県仙台市青葉区中央3-9-18 蕉風ビル　 1F,食べログ 寿司 EAST 百名店 2025,https://tabelog.com/miyagi/A0401/A040101/4002612/,https://yoyaku.tabelog.com/yoyaku/tabelog_booking/send_remind/,https://www.google.com/maps/search/?api=1&query=%E9%AE%A8%20%E7%B5%90%E5%A7%94%20%E5%AE%AE%E5%9F%8E%E7%9C%8C%E4%BB%99%E5%8F%B0%E5%B8%82%E9%9D%92%E8%91%89%E5%8C%BA%E4%B8%AD%E5%A4%AE3-9-18%20%E8%95%89%E9%A2%A8%E3%83%93%E3%83%AB%E3%80%80%201F,38.2587132,140.8769929,2025,寿司 EAST,sushi_east,発表日：2025年2月26日
寿司安,新潟県新潟市中央区本町通4番町273,食べログ 寿司 EAST 百名店 2025,https://tabelog.com/niigata/A1501/A150101/15000391/,https://yoyaku.tabelog.com/yoyaku/tabelog_booking/send_remind/,https://www.google.com/maps/search/?api=1&query=%E5%AF%BF%E5%8F%B8%E5%AE%89%20%E6%96%B0%E6%BD%9F%E7%9C%8C%E6%96%B0%E6%BD%9F%E5%B8%82%E4%B8%AD%E5%A4%AE%E5%8C%BA%E6%9C%AC%E7%94%BA%E9%80%9A4%E7%95%AA%E7%94%BA273,37.9180900,139.0451573,2025,寿司 EAST,sushi_east,発表日：2025年2月26日
小判寿司 棚倉,福島県東白川郡棚倉町大字棚倉字古町30-2,食べログ 寿司 EAST 百名店 2025,https://tabelog.com/fukushima/A0703/A070304/7000810/,https://yoyaku.tabelog.com/yoyaku/tabelog_booking/send_remind/,https://www.google.com/maps/search/?api=1&query=%E5%B0%8F%E5%88%A4%E5%AF%BF%E5%8F%B8%20%E6%A3%9A%E5%80%89%20%E7%A6%8F%E5%B3%B6%E7%9C%8C%E6%9D%B1%E7%99%BD%E5%B7%9D%E9%83%A1%E6%A3%9A%E5%80%89%E7%94%BA%E5%A4%A7%E5%AD%97%E6%A3%9A%E5%80%89%E5%AD%97%E5%8F%A4%E7%94%BA30-2,37.0281564,140.3891505,2025,寿司 EAST,sushi_east,発表日：2025年2月26日
鮨 いぬかい,長野県松本市島内4252-7,食べログ 寿司 EAST 百名店 2025,https://tabelog.com/nagano/A2002/A200201/20018952/,https://yoyaku.tabelog.com/yoyaku/tabelog_booking/send_remind/,https://www.google.com/maps/search/?api=1&query=%E9%AE%A8%20%E3%81%84%E3%81%AC%E3%81%8B%E3%81%84%20%E9%95%B7%E9%87%8E%E7%9C%8C%E6%9D%BE%E6%9C%AC%E5%B8%82%E5%B3%B6%E5%86%854252-7,36.2425543,137.9443112,2025,寿司 EAST,sushi_east,発表日：2025年2月26日
鮨つぐ,神奈川県横浜市中区住吉町5-57-2 TYビル 2F,食べログ 寿司 EAST 百名店 2025,https://tabelog.com/kanagawa/A1401/A140104/14085532/,https://yoyaku.tabelog.com/yoyaku/tabelog_booking/send_remind/,https://www.google.com/maps/search/?api=1&query=%E9%AE%A8%E3%81%A4%E3%81%90%20%E7%A5%9E%E5%A5%88%E5%B7%9D%E7%9C%8C%E6%A8%AA%E6%B5%9C%E5%B8%82%E4%B8%AD%E5%8C%BA%E4%BD%8F%E5%90%89%E7%94%BA5-57-2%20TY%E3%83%93%E3%83%AB%202F,35.4475926,139.6355000,2025,寿司 EAST,sushi_east,発表日：2025年2月26日
弐ノ蔵,北海道札幌市中央区南3条西22-2-7 第51藤栄ビル 1F,食べログ 寿司 EAST 百名店 2025,https://tabelog.com/hokkaido/A0101/A010105/1065867/,https://tabelog.com/hokkaido/A0101/A010105/1065867/?cid=google_yoyaku,https://www.google.com/maps/search/?api=1&query=%E5%BC%90%E3%83%8E%E8%94%B5%20%E5%8C%97%E6%B5%B7%E9%81%93%E6%9C%AD%E5%B9%8C%E5%B8%82%E4%B8%AD%E5%A4%AE%E5%8C%BA%E5%8D%973%E6%9D%A1%E8%A5%BF22-2-7%20%E7%AC%AC51%E8%97%A4%E6%A0%84%E3%83%93%E3%83%AB%201F,43.0535919,141.3248105,2025,寿司 EAST,sushi_east,発表日：2025年2月26日
極,愛知県名古屋市中村区名駅4-22-8,食べログ 寿司 EAST 百名店 2025,https://tabelog.com/aichi/A2301/A230101/23071531/,https://yoyaku.tabelog.com/yoyaku/tabelog_booking/send_remind/,https://www.google.com/maps/search/?api=1&query=%E6%A5%B5%20%E6%84%9B%E7%9F%A5%E7%9C%8C%E5%90%8D%E5%8F%A4%E5%B1%8B%E5%B8%82%E4%B8%AD%E6%9D%91%E5%8C%BA%E5%90%8D%E9%A7%854-22-8,35.1689110,136.8890878,2025,寿司 EAST,sushi_east,発表日：2025年2月26日
小判寿司,宮城県仙台市青葉区一番町2-3-41 文化横丁,食べログ 寿司 EAST 百名店 2025,https://tabelog.com/miyagi/A0401/A040101/4000197/,https://yoyaku.tabelog.com/yoyaku/tabelog_booking/send_remind/,https://www.google.com/maps/search/?api=1&query=%E5%B0%8F%E5%88%A4%E5%AF%BF%E5%8F%B8%20%E5%AE%AE%E5%9F%8E%E7%9C%8C%E4%BB%99%E5%8F%B0%E5%B8%82%E9%9D%92%E8%91%89%E5%8C%BA%E4%B8%80%E7%95%AA%E7%94%BA2-3-41%20%E6%96%87%E5%8C%96%E6%A8%AA%E4%B8%81,38.2591576,140.8734866,2025,寿司 EAST,sushi_east,発表日：2025年2月26日
鮨みなと,北海道旭川市三条通5-左9,食べログ 寿司 EAST 百名店 2025,https://tabelog.com/hokkaido/A0104/A010401/1001719/,https://yoyaku.tabelog.com/yoyaku/tabelog_booking/send_remind/,https://www.google.com/maps/search/?api=1&query=%E9%AE%A8%E3%81%BF%E3%81%AA%E3%81%A8%20%E5%8C%97%E6%B5%B7%E9%81%93%E6%97%AD%E5%B7%9D%E5%B8%82%E4%B8%89%E6%9D%A1%E9%80%9A5-%E5%B7%A69,43.7688865,142.3571341,2025,寿司 EAST,sushi_east,発表日：2025年2月26日
鮨菜 和喜智,北海道札幌市中央区南二条西25-1-22,食べログ 寿司 EAST 百名店 2025,https://tabelog.com/hokkaido/A0101/A010105/1000645/,https://tabelog.com/hokkaido/A0101/A010105/1000645/?cid=google_yoyaku,https://www.google.com/maps/search/?api=1&query=%E9%AE%A8%E8%8F%9C%20%E5%92%8C%E5%96%9C%E6%99%BA%20%E5%8C%97%E6%B5%B7%E9%81%93%E6%9C%AD%E5%B9%8C%E5%B8%82%E4%B8%AD%E5%A4%AE%E5%8C%BA%E5%8D%97%E4%BA%8C%E6%9D%A1%E8%A5%BF25-1-22,43.0544951,141.3191215,2025,寿司 EAST,sushi_east,発表日：2025年2月26日
伊藤家のつぼ,神奈川県足柄下郡真鶴町真鶴1200-18,食べログ 寿司 EAST 百名店 2025,https://tabelog.com/kanagawa/A1410/A141002/14070277/,https://yoyaku.tabelog.com/yoyaku/tabelog_booking/send_remind/,https://www.google.com/maps/search/?api=1&query=%E4%BC%8A%E8%97%A4%E5%AE%B6%E3%81%AE%E3%81%A4%E3%81%BC%20%E7%A5%9E%E5%A5%88%E5%B7%9D%E7%9C%8C%E8%B6%B3%E6%9F%84%E4%B8%8B%E9%83%A1%E7%9C%9F%E9%B6%B4%E7%94%BA%E7%9C%9F%E9%B6%B41200-18,35.1475295,139.1472059,2025,寿司 EAST,sushi_east,発表日：2025年2月26日
こい勢,山形県酒田市相生町1-3-25,食べログ 寿司 EAST 百名店 2025,https://tabelog.com/yamagata/A0603/A060301/6000012/,https://yoyaku.tabelog.com/yoyaku/tabelog_booking/send_remind/,https://www.google.com/maps/search/?api=1&query=%E3%81%93%E3%81%84%E5%8B%A2%20%E5%B1%B1%E5%BD%A2%E7%9C%8C%E9%85%92%E7%94%B0%E5%B8%82%E7%9B%B8%E7%94%9F%E7%94%BA1-3-25,38.9201999,139.8425418,2025,寿司 EAST,sushi_east,発表日：2025年2月26日
すし蓑,宮城県仙台市青葉区国分町2-12-19,食べログ 寿司 EAST 百名店 2025,https://tabelog.com/miyagi/A0401/A040101/4000199/,https://yoyaku.tabelog.com/yoyaku/tabelog_booking/send_remind/,https://www.google.com/maps/search/?api=1&query=%E3%81%99%E3%81%97%E8%93%91%20%E5%AE%AE%E5%9F%8E%E7%9C%8C%E4%BB%99%E5%8F%B0%E5%B8%82%E9%9D%92%E8%91%89%E5%8C%BA%E5%9B%BD%E5%88%86%E7%94%BA2-12-19,38.2648110,140.8686364,2025,寿司 EAST,sushi_east,発表日：2025年2月26日
ふじさわ,愛知県名古屋市天白区植田山1-111-1,食べログ 寿司 EAST 百名店 2025,https://tabelog.com/aichi/A2301/A230107/23005527/,https://yoyaku.tabelog.com/yoyaku/tabelog_booking/send_remind/,https://www.google.com/maps/search/?api=1&query=%E3%81%B5%E3%81%98%E3%81%95%E3%82%8F%20%E6%84%9B%E7%9F%A5%E7%9C%8C%E5%90%8D%E5%8F%A4%E5%B1%8B%E5%B8%82%E5%A4%A9%E7%99%BD%E5%8C%BA%E6%A4%8D%E7%94%B0%E5%B1%B11-111-1,35.1490095,136.9810570,2025,寿司 EAST,sushi_east,発表日：2025年2月26日
くりや,北海道札幌市白石区本郷通8丁目北1-22 石田ビル 2F,食べログ 寿司 EAST 百名店 2025,https://tabelog.com/hokkaido/A0101/A010301/1013145/,https://tabelog.com/hokkaido/A0101/A010301/1013145/?cid=google_yoyaku,https://www.google.com/maps/search/?api=1&query=%E3%81%8F%E3%82%8A%E3%82%84%20%E5%8C%97%E6%B5%B7%E9%81%93%E6%9C%AD%E5%B9%8C%E5%B8%82%E7%99%BD%E7%9F%B3%E5%8C%BA%E6%9C%AC%E9%83%B7%E9%80%9A8%E4%B8%81%E7%9B%AE%E5%8C%971-22%20%E7%9F%B3%E7%94%B0%E3%83%93%E3%83%AB%202F,43.0422168,141.4143764,2025,寿司 EAST,sushi_east,発表日：2025年2月26日
鮨旬美西川,愛知県名古屋市中村区名駅2-29-19,食べログ 寿司 EAST 百名店 2025,https://tabelog.com/aichi/A2301/A230101/23023439/,https://yoyaku.tabelog.com/yoyaku/tabelog_booking/send_remind/,https://www.google.com/maps/search/?api=1&query=%E9%AE%A8%E6%97%AC%E7%BE%8E%E8%A5%BF%E5%B7%9D%20%E6%84%9B%E7%9F%A5%E7%9C%8C%E5%90%8D%E5%8F%A4%E5%B1%8B%E5%B8%82%E4%B8%AD%E6%9D%91%E5%8C%BA%E5%90%8D%E9%A7%852-29-19,35.1755048,136.8839275,2025,寿司 EAST,sushi_east,発表日：2025年2月26日
立ち食い寿司 極 名駅4丁目店,愛知県名古屋市中村区名駅4-22-1,食べログ 寿司 EAST 百名店 2025,https://tabelog.com/aichi/A2301/A230101/23084336/,https://yoyaku.tabelog.com/yoyaku/tabelog_booking/send_remind/,https://www.google.com/maps/search/?api=1&query=%E7%AB%8B%E3%81%A1%E9%A3%9F%E3%81%84%E5%AF%BF%E5%8F%B8%20%E6%A5%B5%20%E5%90%8D%E9%A7%854%E4%B8%81%E7%9B%AE%E5%BA%97%20%E6%84%9B%E7%9F%A5%E7%9C%8C%E5%90%8D%E5%8F%A4%E5%B1%8B%E5%B8%82%E4%B8%AD%E6%9D%91%E5%8C%BA%E5%90%8D%E9%A7%854-22-1,35.1691351,136.8894944,2025,寿司 EAST,sushi_east,発表日：2025年2月26日
冨すし,愛知県名古屋市中区錦3-11-16,食べログ 寿司 EAST 百名店 2025,https://tabelog.com/aichi/A2301/A230103/23047183/,https://tabelog.com/aichi/A2301/A230103/23047183/?cid=google_yoyaku,https://www.google.com/maps/search/?api=1&query=%E5%86%A8%E3%81%99%E3%81%97%20%E6%84%9B%E7%9F%A5%E7%9C%8C%E5%90%8D%E5%8F%A4%E5%B1%8B%E5%B8%82%E4%B8%AD%E5%8C%BA%E9%8C%A63-11-16,35.1707706,136.9029049,2025,寿司 EAST,sushi_east,発表日：2025年2月26日
豊鮨,埼玉県さいたま市大宮区桜木町1-4-3 いちまるきゅうビル 2F,食べログ 寿司 EAST 百名店 2025,https://tabelog.com/saitama/A1101/A110101/11003484/,https://tabelog.com/saitama/A1101/A110101/11003484/?cid=google_yoyaku,https://www.google.com/maps/search/?api=1&query=%E8%B1%8A%E9%AE%A8%20%E5%9F%BC%E7%8E%89%E7%9C%8C%E3%81%95%E3%81%84%E3%81%9F%E3%81%BE%E5%B8%82%E5%A4%A7%E5%AE%AE%E5%8C%BA%E6%A1%9C%E6%9C%A8%E7%94%BA1-4-3%20%E3%81%84%E3%81%A1%E3%81%BE%E3%82%8B%E3%81%8D%E3%82%85%E3%81%86%E3%83%93%E3%83%AB%202F,35.9045672,139.6229289,2025,寿司 EAST,sushi_east,発表日：2025年2月26日
鮨 花車,愛知県名古屋市中村区名駅4-6-23 第三堀内ビル B1F,食べログ 寿司 EAST 百名店 2025,https://tabelog.com/aichi/A2301/A230101/23082562/,https://yoyaku.tabelog.com/yoyaku/tabelog_booking/send_remind/,https://www.google.com/maps/search/?api=1&query=%E9%AE%A8%20%E8%8A%B1%E8%BB%8A%20%E6%84%9B%E7%9F%A5%E7%9C%8C%E5%90%8D%E5%8F%A4%E5%B1%8B%E5%B8%82%E4%B8%AD%E6%9D%91%E5%8C%BA%E5%90%8D%E9%A7%854-6-23%20%E7%AC%AC%E4%B8%89%E5%A0%80%E5%86%85%E3%83%93%E3%83%AB%20B1F,35.1711548,136.8854850,2025,寿司 EAST,sushi_east,発表日：2025年2月26日
吉凰 はなれ,愛知県名古屋市西区那古野1-36-58 四間道ビル 1F,食べログ 寿司 EAST 百名店 2025,https://tabelog.com/aichi/A2301/A230101/23081951/,https://yoyaku.tabelog.com/yoyaku/tabelog_booking/send_remind/,https://www.google.com/maps/search/?api=1&query=%E5%90%89%E5%87%B0%20%E3%81%AF%E3%81%AA%E3%82%8C%20%E6%84%9B%E7%9F%A5%E7%9C%8C%E5%90%8D%E5%8F%A4%E5%B1%8B%E5%B8%82%E8%A5%BF%E5%8C%BA%E9%82%A3%E5%8F%A4%E9%87%8E1-36-58%20%E5%9B%9B%E9%96%93%E9%81%93%E3%83%93%E3%83%AB%201F,35.1761052,136.8927059,2025,寿司 EAST,sushi_east,発表日：2025年2月26日
すし 開,北海道札幌市中央区南1条西24-1-30 円山OCTビル 1F,食べログ 寿司 EAST 百名店 2025,https://tabelog.com/hokkaido/A0101/A010105/1073555/,https://yoyaku.tabelog.com/yoyaku/tabelog_booking/send_remind/,https://www.google.com/maps/search/?api=1&query=%E3%81%99%E3%81%97%20%E9%96%8B%20%E5%8C%97%E6%B5%B7%E9%81%93%E6%9C%AD%E5%B9%8C%E5%B8%82%E4%B8%AD%E5%A4%AE%E5%8C%BA%E5%8D%971%E6%9D%A1%E8%A5%BF24-1-30%20%E5%86%86%E5%B1%B1OCT%E3%83%93%E3%83%AB%201F,43.0557565,141.3212401,2025,寿司 EAST,sushi_east,発表日：2025年2月26日
すし人 三篤,愛知県岡崎市針崎町東カンジ36-45,食べログ 寿司 EAST 百名店 2025,https://tabelog.com/aichi/A2305/A230502/23059486/,https://tabelog.com/aichi/A2305/A230502/23059486/?cid=google_yoyaku,https://www.google.com/maps/search/?api=1&query=%E3%81%99%E3%81%97%E4%BA%BA%20%E4%B8%89%E7%AF%A4%20%E6%84%9B%E7%9F%A5%E7%9C%8C%E5%B2%A1%E5%B4%8E%E5%B8%82%E9%87%9D%E5%B4%8E%E7%94%BA%E6%9D%B1%E3%82%AB%E3%83%B3%E3%82%B836-45,34.9215193,137.1593066,2025,寿司 EAST,sushi_east,発表日：2025年2月26日
龍文支店,愛知県名古屋市東区筒井3-9-12,食べログ 寿司 EAST 百名店 2025,https://tabelog.com/aichi/A2301/A230106/23033357/,https://yoyaku.tabelog.com/yoyaku/tabelog_booking/send_remind/,https://www.google.com/maps/search/?api=1&query=%E9%BE%8D%E6%96%87%E6%94%AF%E5%BA%97%20%E6%84%9B%E7%9F%A5%E7%9C%8C%E5%90%8D%E5%8F%A4%E5%B1%8B%E5%B8%82%E6%9D%B1%E5%8C%BA%E7%AD%92%E4%BA%953-9-12,35.1756923,136.9323878,2025,寿司 EAST,sushi_east,発表日：2025年2月26日
金寿司,北海道札幌市中央区北二条東7,食べログ 寿司 EAST 百名店 2025,https://tabelog.com/hokkaido/A0101/A010102/1000006/,https://yoyaku.tabelog.com/yoyaku/tabelog_booking/send_remind/,https://www.google.com/maps/search/?api=1&query=%E9%87%91%E5%AF%BF%E5%8F%B8%20%E5%8C%97%E6%B5%B7%E9%81%93%E6%9C%AD%E5%B9%8C%E5%B8%82%E4%B8%AD%E5%A4%AE%E5%8C%BA%E5%8C%97%E4%BA%8C%E6%9D%A1%E6%9D%B17,43.0657182,141.3667890,2025,寿司 EAST,sushi_east,発表日：2025年2月26日
菊寿し,長野県上水内郡飯綱町普光寺925,食べログ 寿司 EAST 百名店 2025,https://tabelog.com/nagano/A2001/A200106/20000198/,https://yoyaku.tabelog.com/yoyaku/tabelog_booking/send_remind/,https://www.google.com/maps/search/?api=1&query=%E8%8F%8A%E5%AF%BF%E3%81%97%20%E9%95%B7%E9%87%8E%E7%9C%8C%E4%B8%8A%E6%B0%B4%E5%86%85%E9%83%A1%E9%A3%AF%E7%B6%B1%E7%94%BA%E6%99%AE%E5%85%89%E5%AF%BA925,36.7542856,138.2440667,2025,寿司 EAST,sushi_east,発表日：2025年2月26日
寿司 松岡,岐阜県大垣市南頬町4-58-1,食べログ 寿司 EAST 百名店 2025,https://tabelog.com/gifu/A2101/A210104/21007629/,https://tabelog.com/gifu/A2101/A210104/21007629/?cid=google_yoyaku,https://www.google.com/maps/search/?api=1&query=%E5%AF%BF%E5%8F%B8%20%E6%9D%BE%E5%B2%A1%20%E5%B2%90%E9%98%9C%E7%9C%8C%E5%A4%A7%E5%9E%A3%E5%B8%82%E5%8D%97%E9%A0%AC%E7%94%BA4-58-1,35.3545322,136.6232993,2025,寿司 EAST,sushi_east,発表日：2025年2月26日
すし崇,長野県長野市県町477-15,食べログ 寿司 EAST 百名店 2025,https://tabelog.com/nagano/A2001/A200101/20004056/,https://tabelog.com/nagano/A2001/A200101/20004056/?cid=google_yoyaku,https://www.google.com/maps/search/?api=1&query=%E3%81%99%E3%81%97%E5%B4%87%20%E9%95%B7%E9%87%8E%E7%9C%8C%E9%95%B7%E9%87%8E%E5%B8%82%E7%9C%8C%E7%94%BA477-15,36.6544847,138.1841936,2025,寿司 EAST,sushi_east,発表日：2025年2月26日
氏金寿司,宮城県登米市迫町佐沼字錦27,食べログ 寿司 EAST 百名店 2025,https://tabelog.com/miyagi/A0403/A040303/4008600/,https://yoyaku.tabelog.com/yoyaku/tabelog_booking/send_remind/,https://www.google.com/maps/search/?api=1&query=%E6%B0%8F%E9%87%91%E5%AF%BF%E5%8F%B8%20%E5%AE%AE%E5%9F%8E%E7%9C%8C%E7%99%BB%E7%B1%B3%E5%B8%82%E8%BF%AB%E7%94%BA%E4%BD%90%E6%B2%BC%E5%AD%97%E9%8C%A627,38.6884071,141.1999350,2025,寿司 EAST,sushi_east,発表日：2025年2月26日
千代鮨,新潟県新潟市中央区東大通1-5-26,食べログ 寿司 EAST 百名店 2025,https://tabelog.com/niigata/A1501/A150101/15008683/,https://yoyaku.tabelog.com/yoyaku/tabelog_booking/send_remind/,https://www.google.com/maps/search/?api=1&query=%E5%8D%83%E4%BB%A3%E9%AE%A8%20%E6%96%B0%E6%BD%9F%E7%9C%8C%E6%96%B0%E6%BD%9F%E5%B8%82%E4%B8%AD%E5%A4%AE%E5%8C%BA%E6%9D%B1%E5%A4%A7%E9%80%9A1-5-26,37.9141516,139.0626869,2025,寿司 EAST,sushi_east,発表日：2025年2月26日
鮨　あら田,秋田県秋田市新屋扇町5-2,食べログ 寿司 EAST 百名店 2025,https://tabelog.com/akita/A0501/A050101/5000861/,https://yoyaku.tabelog.com/yoyaku/tabelog_booking/send_remind/,https://www.google.com/maps/search/?api=1&query=%E9%AE%A8%E3%80%80%E3%81%82%E3%82%89%E7%94%B0%20%E7%A7%8B%E7%94%B0%E7%9C%8C%E7%A7%8B%E7%94%B0%E5%B8%82%E6%96%B0%E5%B1%8B%E6%89%87%E7%94%BA5-2,39.6818831,140.0861787,2025,寿司 EAST,sushi_east,発表日：2025年2月26日
あま木,愛知県名古屋市中区錦1-19-30 名古屋観光ホテル 18F,食べログ 寿司 EAST 百名店 2025,https://tabelog.com/aichi/A2301/A230102/23088371/,https://yoyaku.tabelog.com/yoyaku/tabelog_booking/send_remind/,https://www.google.com/maps/search/?api=1&query=%E3%81%82%E3%81%BE%E6%9C%A8%20%E6%84%9B%E7%9F%A5%E7%9C%8C%E5%90%8D%E5%8F%A4%E5%B1%8B%E5%B8%82%E4%B8%AD%E5%8C%BA%E9%8C%A61-19-30%20%E5%90%8D%E5%8F%A4%E5%B1%8B%E8%A6%B3%E5%85%89%E3%83%9B%E3%83%86%E3%83%AB%2018F,35.1687760,136.8954477,2025,寿司 EAST,sushi_east,発表日：2025年2月26日
寿し ひでたか,北海道札幌市中央区南7条西4-1-2 延寿ビル 1F,食べログ 寿司 EAST 百名店 2025,https://tabelog.com/hokkaido/A0101/A010103/1038603/,https://yoyaku.tabelog.com/yoyaku/tabelog_booking/send_remind/,https://www.google.com/maps/search/?api=1&query=%E5%AF%BF%E3%81%97%20%E3%81%B2%E3%81%A7%E3%81%9F%E3%81%8B%20%E5%8C%97%E6%B5%B7%E9%81%93%E6%9C%AD%E5%B9%8C%E5%B8%82%E4%B8%AD%E5%A4%AE%E5%8C%BA%E5%8D%977%E6%9D%A1%E8%A5%BF4-1-2%20%E5%BB%B6%E5%AF%BF%E3%83%93%E3%83%AB%201F,43.0525576,141.3536420,2025,寿司 EAST,sushi_east,発表日：2025年2月26日
登喜和鮨 新潟店,新潟県新潟市中央区本町通り七番町1151 第一クレジットビル　1F,食べログ 寿司 EAST 百名店 2025,https://tabelog.com/niigata/A1501/A150101/15024021/,https://yoyaku.tabelog.com/yoyaku/tabelog_booking/send_remind/,https://www.google.com/maps/search/?api=1&query=%E7%99%BB%E5%96%9C%E5%92%8C%E9%AE%A8%20%E6%96%B0%E6%BD%9F%E5%BA%97%20%E6%96%B0%E6%BD%9F%E7%9C%8C%E6%96%B0%E6%BD%9F%E5%B8%82%E4%B8%AD%E5%A4%AE%E5%8C%BA%E6%9C%AC%E7%94%BA%E9%80%9A%E3%82%8A%E4%B8%83%E7%95%AA%E7%94%BA1151%20%E7%AC%AC%E4%B8%80%E3%82%AF%E3%83%AC%E3%82%B8%E3%83%83%E3%83%88%E3%83%93%E3%83%AB%E3%80%801F,37.9228651,139.0474169,2025,寿司 EAST,sushi_east,発表日：2025年2月26日
鮨棗 本店,北海道札幌市中央区南四条西5丁目 第4藤井ビル　７Ｆ,食べログ 寿司 EAST 百名店 2025,https://tabelog.com/hokkaido/A0101/A010103/1029733/,https://tabelog.com/hokkaido/A0101/A010103/1029733/?cid=google_yoyaku,https://www.google.com/maps/search/?api=1&query=%E9%AE%A8%E6%A3%97%20%E6%9C%AC%E5%BA%97%20%E5%8C%97%E6%B5%B7%E9%81%93%E6%9C%AD%E5%B9%8C%E5%B8%82%E4%B8%AD%E5%A4%AE%E5%8C%BA%E5%8D%97%E5%9B%9B%E6%9D%A1%E8%A5%BF5%E4%B8%81%E7%9B%AE%20%E7%AC%AC4%E8%97%A4%E4%BA%95%E3%83%93%E3%83%AB%E3%80%80%EF%BC%97%EF%BC%A6,43.0555692,141.3503060,2025,寿司 EAST,sushi_east,発表日：2025年2月26日
鮨処 有馬,北海道札幌市中央区南3条西4 南3西4ビル4F,食べログ 寿司 EAST 百名店 2025,https://tabelog.com/hokkaido/A0101/A010102/1000457/,https://yoyaku.tabelog.com/yoyaku/tabelog_booking/send_remind/,https://www.google.com/maps/search/?api=1&query=%E9%AE%A8%E5%87%A6%20%E6%9C%89%E9%A6%AC%20%E5%8C%97%E6%B5%B7%E9%81%93%E6%9C%AD%E5%B9%8C%E5%B8%82%E4%B8%AD%E5%A4%AE%E5%8C%BA%E5%8D%973%E6%9D%A1%E8%A5%BF4%20%E5%8D%973%E8%A5%BF4%E3%83%93%E3%83%AB4F,43.0567675,141.3516278,2025,寿司 EAST,sushi_east,発表日：2025年2月26日
龍寿し,新潟県南魚沼市大崎1838-1,食べログ 寿司 EAST 百名店 2025,https://tabelog.com/niigata/A1504/A150402/15004455/,https://tabelog.com/niigata/A1504/A150402/15004455/?cid=google_yoyaku,https://www.google.com/maps/search/?api=1&query=%E9%BE%8D%E5%AF%BF%E3%81%97%20%E6%96%B0%E6%BD%9F%E7%9C%8C%E5%8D%97%E9%AD%9A%E6%B2%BC%E5%B8%82%E5%A4%A7%E5%B4%8E1838-1,37.1302296,138.9416109,2025,寿司 EAST,sushi_east,発表日：2025年2月26日
おけい鮨 本郷店,愛知県名古屋市名東区上社2-71,食べログ 寿司 EAST 百名店 2025,https://tabelog.com/aichi/A2301/A230111/23000835/,https://yoyaku.tabelog.com/yoyaku/tabelog_booking/send_remind/,https://www.google.com/maps/search/?api=1&query=%E3%81%8A%E3%81%91%E3%81%84%E9%AE%A8%20%E6%9C%AC%E9%83%B7%E5%BA%97%20%E6%84%9B%E7%9F%A5%E7%9C%8C%E5%90%8D%E5%8F%A4%E5%B1%8B%E5%B8%82%E5%90%8D%E6%9D%B1%E5%8C%BA%E4%B8%8A%E7%A4%BE2-71,35.1762594,137.0118803,2025,寿司 EAST,sushi_east,発表日：2025年2月26日
鮨富,神奈川県藤沢市鵠沼石上1-7-1,食べログ 寿司 EAST 百名店 2025,https://tabelog.com/kanagawa/A1404/A140404/14001699/,https://yoyaku.tabelog.com/yoyaku/tabelog_booking/send_remind/,https://www.google.com/maps/search/?api=1&query=%E9%AE%A8%E5%AF%8C%20%E7%A5%9E%E5%A5%88%E5%B7%9D%E7%9C%8C%E8%97%A4%E6%B2%A2%E5%B8%82%E9%B5%A0%E6%B2%BC%E7%9F%B3%E4%B8%8A1-7-1,35.3361264,139.4888175,2025,寿司 EAST,sushi_east,発表日：2025年2月26日
鮨おばな,群馬県館林市大手町5-1,食べログ 寿司 EAST 百名店 2025,https://tabelog.com/gunma/A1002/A100204/10002097/,https://yoyaku.tabelog.com/yoyaku/tabelog_booking/send_remind/,https://www.google.com/maps/search/?api=1&query=%E9%AE%A8%E3%81%8A%E3%81%B0%E3%81%AA%20%E7%BE%A4%E9%A6%AC%E7%9C%8C%E9%A4%A8%E6%9E%97%E5%B8%82%E5%A4%A7%E6%89%8B%E7%94%BA5-1,36.2460538,139.5380498,2025,寿司 EAST,sushi_east,発表日：2025年2月26日
鮨 おとわ,神奈川県横浜市青葉区奈良3-11-1,食べログ 寿司 EAST 百名店 2025,https://tabelog.com/kanagawa/A1401/A140202/14042983/,https://yoyaku.tabelog.com/yoyaku/tabelog_booking/send_remind/,https://www.google.com/maps/search/?api=1&query=%E9%AE%A8%20%E3%81%8A%E3%81%A8%E3%82%8F%20%E7%A5%9E%E5%A5%88%E5%B7%9D%E7%9C%8C%E6%A8%AA%E6%B5%9C%E5%B8%82%E9%9D%92%E8%91%89%E5%8C%BA%E5%A5%88%E8%89%AF3-11-1,35.5513778,139.4846591,2025,寿司 EAST,sushi_east,発表日：2025年2月26日
右江田,愛知県名古屋市中川区八幡本通2-20,食べログ 寿司 EAST 百名店 2025,https://tabelog.com/aichi/A2301/A230105/23014106/,https://yoyaku.tabelog.com/yoyaku/tabelog_booking/send_remind/,https://www.google.com/maps/search/?api=1&query=%E5%8F%B3%E6%B1%9F%E7%94%B0%20%E6%84%9B%E7%9F%A5%E7%9C%8C%E5%90%8D%E5%8F%A4%E5%B1%8B%E5%B8%82%E4%B8%AD%E5%B7%9D%E5%8C%BA%E5%85%AB%E5%B9%A1%E6%9C%AC%E9%80%9A2-20,35.1466925,136.8806243,2025,寿司 EAST,sushi_east,発表日：2025年2月26日
すし匠,秋田県秋田市大町3-2-36 赤れんが郷土館前,食べログ 寿司 EAST 百名店 2025,https://tabelog.com/akita/A0501/A050101/5007025/,https://yoyaku.tabelog.com/yoyaku/tabelog_booking/send_remind/,https://www.google.com/maps/search/?api=1&query=%E3%81%99%E3%81%97%E5%8C%A0%20%E7%A7%8B%E7%94%B0%E7%9C%8C%E7%A7%8B%E7%94%B0%E5%B8%82%E5%A4%A7%E7%94%BA3-2-36%20%E8%B5%A4%E3%82%8C%E3%82%93%E3%81%8C%E9%83%B7%E5%9C%9F%E9%A4%A8%E5%89%8D,39.7164938,140.1161950,2025,寿司 EAST,sushi_east,発表日：2025年2月26日
宿木,愛知県名古屋市北区大曽根1-20-9 大曽根1番館 1F,食べログ 寿司 EAST 百名店 2025,https://tabelog.com/aichi/A2301/A230110/23045340/,https://yoyaku.tabelog.com/yoyaku/tabelog_booking/send_remind/,https://www.google.com/maps/search/?api=1&query=%E5%AE%BF%E6%9C%A8%20%E6%84%9B%E7%9F%A5%E7%9C%8C%E5%90%8D%E5%8F%A4%E5%B1%8B%E5%B8%82%E5%8C%97%E5%8C%BA%E5%A4%A7%E6%9B%BD%E6%A0%B91-20-9%20%E5%A4%A7%E6%9B%BD%E6%A0%B91%E7%95%AA%E9%A4%A8%201F,35.1902304,136.9292603,2025,寿司 EAST,sushi_east,発表日：2025年2月26日
鮨 福原,神奈川県川崎市高津区末長1-51-13 1F,食べログ 寿司 EAST 百名店 2025,https://tabelog.com/kanagawa/A1405/A140505/14045888/,https://tabelog.com/kanagawa/A1405/A140505/14045888/?cid=google_yoyaku,https://www.google.com/maps/search/?api=1&query=%E9%AE%A8%20%E7%A6%8F%E5%8E%9F%20%E7%A5%9E%E5%A5%88%E5%B7%9D%E7%9C%8C%E5%B7%9D%E5%B4%8E%E5%B8%82%E9%AB%98%E6%B4%A5%E5%8C%BA%E6%9C%AB%E9%95%B71-51-13%201F,35.5937850,139.6029694,2025,寿司 EAST,sushi_east,発表日：2025年2月26日
すし 弥助,愛知県名古屋市昭和区菊園町6-18-7,食べログ 寿司 EAST 百名店 2025,https://tabelog.com/aichi/A2301/A230108/23061465/,https://tabelog.com/aichi/A2301/A230108/23061465/?cid=google_yoyaku,https://www.google.com/maps/search/?api=1&query=%E3%81%99%E3%81%97%20%E5%BC%A5%E5%8A%A9%20%E6%84%9B%E7%9F%A5%E7%9C%8C%E5%90%8D%E5%8F%A4%E5%B1%8B%E5%B8%82%E6%98%AD%E5%92%8C%E5%8C%BA%E8%8F%8A%E5%9C%92%E7%94%BA6-18-7,35.1389205,136.9441929,2025,寿司 EAST,sushi_east,発表日：2025年2月26日
鮨処 美な味,北海道函館市末広町9-5,食べログ 寿司 EAST 百名店 2025,https://tabelog.com/hokkaido/A0105/A010501/1005718/,https://yoyaku.tabelog.com/yoyaku/tabelog_booking/send_remind/,https://www.google.com/maps/search/?api=1&query=%E9%AE%A8%E5%87%A6%20%E7%BE%8E%E3%81%AA%E5%91%B3%20%E5%8C%97%E6%B5%B7%E9%81%93%E5%87%BD%E9%A4%A8%E5%B8%82%E6%9C%AB%E5%BA%83%E7%94%BA9-5,41.7646645,140.7180244,2025,寿司 EAST,sushi_east,発表日：2025年2月26日
すし宮川,北海道札幌市中央区北四条西25-2-2 リヒトラーレ円山 1F,食べログ 寿司 EAST 百名店 2025,https://tabelog.com/hokkaido/A0101/A010105/1073214/,https://yoyaku.tabelog.com/yoyaku/tabelog_booking/send_remind/,https://www.google.com/maps/search/?api=1&query=%E3%81%99%E3%81%97%E5%AE%AE%E5%B7%9D%20%E5%8C%97%E6%B5%B7%E9%81%93%E6%9C%AD%E5%B9%8C%E5%B8%82%E4%B8%AD%E5%A4%AE%E5%8C%BA%E5%8C%97%E5%9B%9B%E6%9D%A1%E8%A5%BF25-2-2%20%E3%83%AA%E3%83%92%E3%83%88%E3%83%A9%E3%83%BC%E3%83%AC%E5%86%86%E5%B1%B1%201F,43.0621324,141.3176202,2025,寿司 EAST,sushi_east,発表日：2025年2月26日
